1196
345
58
342
209
232
1116
419
1009
1172
1117
262
407
456
205
175
308
1197
996
200
1158
243
1122
187
1046
224
352
323
1173
242
374
299
1004
505
176
382
370
341
234
302
223
403
1216
995
225
469
985
336
1067
453
947
825
270
1137
288
364
506
457
869
942
412
171
430
199
297
201
346
451
165
348
229
325
1131
217
301
1146
149
498
697
472
950
837
170
204
1121
1166
212
213
1120
965
444
384
1106
1142
296
1118
273
334
381
433
166
184
338
793
368
964
371
247
1243
255
429
1089
284
982
1179
1144
388
312
923
450
911
878
1157
1015
231
1114
396
327
460
291
1124
1189
259
189
975
188
172
908
990
153
397
289
1056
191
495
228
198
467
237
185
405
494
357
916
1160
362
179
993
375
383
260
369
366
46
931
1068
298
960
1175
422
373
293
235
729
1181
452
1105
957
359
480
1125
354
81
937
1165
1110
246
487
206
1192
1028
963
502
824
888
309
1135
1246
943
799
946
404
1161
219
387
294
168
55
216
317
1012
208
365
1006
173
971
182
328
1039
1010
1139
233
340
934
161
279
295
254
1155
386
305
1187
155
1022
1141
890
501
968
1058
1107
1163
361
8
417
391
1260
287
1201
431
449
493
249
1126
1129
423
441
344
360
1194
954
465
261
276
468
1084
274
290
1035
197
349
440
286
158
1226
152
1021
310
479
400
324
940
1048
240
314
1171
300
390
499
446
938
380
192
245
319
525
438
983
195
944
1191
164
285
1133
418
241
836
797
490
1043
303
266
265
278
645
316
1182
485
313
162
363
810
402
210
1269
283
1221
353
248
337
151
1104
443
1085
275
408
181
1178
89
331
445
321
424
258
961
1252
1151
1154
329
157
174
277
1251
250
426
1183
326
307
591
159
263
267
1096
203
458
222
474
304
826
1204
378
207
1032
473
202
167
1127
256
1025
1149
1019
39
350
1148
292
280
920
154
239
980
491
866
190
1145
464
1018
1038
488
282
193
355
330
1164
150
411
455
420
1174
1130
1001
358
251
1098
376
271
853
385
257
227
215
169
448
272
1167
339
1247
178
1044
510
1170
1128
268
454
1112
389
356
936
351
194
483
421
160
427
226
459
269
306
1063
253
394
1109
343
221
320
183
264
281
196
447
956
1199
461
214
367
156
377
177
891
333
978
1152
180
1075
238
1136
236
1176
230
218
186
1271
955
1150
252
220
1193
108
503
1159
661
311
